0 0.41796875 0.69140625 0.05546875 0.13828125
0 0.67109375 0.6421875 0.12890625 0.13359375
0 0.55390625 0.7828125 0.11484375 0.2109375
0 0.4671875 0.8015625 0.078125 0.184375
0 0.85078125 0.26640625 0.04921875 0.11328125
0 0.74609375 0.44296875 0.04140625 0.08046875
0 0.5296875 0.3890625 0.04765625 0.07421875
0 0.303125 0.79921875 0.13359375 0.20390625
0 0.25234375 0.721875 0.1515625 0.1296875
0 0.30234375 0.6671875 0.103125 0.096875
0 0.2390625 0.55703125 0.08515625 0.1265625
0 0.30546875 0.571875 0.0453125 0.084375
0 0.35390625 0.546875 0.04140625 0.09609375
0 0.45078125 0.496875 0.05703125 0.0875
0 0.5125 0.54140625 0.04921875 0.0921875
0 0.38203125 0.4375 0.04453125 0.06953125
0 0.1390625 0.4640625 0.05703125 0.07421875
0 0.31015625 0.4671875 0.07890625 0.07578125
0 0.175 0.4140625 0.04453125 0.0796875
0 0.30546875 0.33203125 0.03203125 0.05546875
0 0.35859375 0.36484375 0.04921875 0.0609375
0 0.275 0.36875 0.04375 0.0546875
0 0.175 0.2578125 0.021875 0.04921875